% 重力加速度
g=9.8;
% 整车质量
vhemass=1500;
% 车辆滚动阻力系数
f=0.01;
%车辆风阻系数
Cd=0.28;
%车辆迎风面积
Area=2.3;
%道路坡度
Grad=0;
%质量换算系数
RotCoeff=0.05;
%轮胎半径 m
WhlRollRads=0.327;
%%Gear Box
%减速器速比
GearRto=9.7;
%加速器效率
GearEff=0.97;
%%Motor
%驱动外特性
MotDrvCrv_1X_rpm=[1000 2000 3000 4000 5000 6000 7000 8000 9000 10000 12000 13000 14000 15000 16000];
MotDrvCrv_1Y_Tq=[390 390 390 389 311 259 222 195 173 156 142 130 120 111 104];
%发电外特性
MotGenCrv_1X_rpm = MotDrvCrv_1X_rpm;
MotGenCrv_1Y_Tq = -1*MotDrvCrv_1Y_Tq;
%效率特性
MotEffMap_2X_rpm=[472 944 1416 1888 2360 2832 3304 3776 4248 4720 5192 5664 6136 6608 7080 7552 8024 8496 8968 9440 9912 10384 10856 11328 11800 12272 12744 13216 13688 14160 14632 15104 15500];
MotEffMap_2Y_Nm=[0 10 20 30 40 50 60 70 80 90 100 110 120 130 140 150 160 170 180 190 200 210 220 230 240 250 260 270 280 290 310 320 330 340];
MotEffMap_2Z_pct=[...
[67.63 68.67 69.65 70.57 71.41 72.20 72.92 73.57 74.16 74.68 75.14 75.53 75.86 76.12 76.31 76.44 76.51 76.51 76.44 76.31 76.12 75.86 75.53 75.14 74.68 74.16 73.57 72.92 72.20 71.41 70.57 69.65 68.67 67.63];...
[68.87 70.13 71.31 72.41 73.43 74.38 75.24 76.03 76.74 77.36 77.91 78.39 78.78 79.09 79.33 79.49 79.57 79.57 79.49 79.33 79.09 78.78 78.39 77.91 77.36 76.74 76.03 75.24 74.38 73.43 72.41 71.31 70.13 68.87];...
[68.87 70.13 71.31 72.41 73.43 74.38 75.24 76.03 76.74 77.36 77.91 78.39 78.78 79.09 79.33 79.49 79.57 79.57 79.49 79.33 79.09 78.78 78.39 77.91 77.36 76.74 76.03 75.24 74.38 73.43 72.41 71.31 70.13 68.87];...
[68.87 70.13 71.31 72.41 73.43 74.38 75.24 76.03 76.74 77.36 77.91 78.39 78.78 79.09 79.33 79.49 79.57 79.57 79.49 79.33 79.09 78.78 78.39 77.91 77.36 76.74 76.03 75.24 74.38 73.43 72.41 71.31 70.13 68.87];...
[68.87 70.13 71.31 72.41 73.43 74.38 75.24 76.03 76.74 77.36 77.91 78.39 78.78 79.09 79.33 79.49 79.57 79.57 79.49 79.33 79.09 78.78 78.39 77.91 77.36 76.74 76.03 75.24 74.38 73.43 72.41 71.31 70.13 68.87];...
[68.87 70.13 71.31 72.41 73.43 74.38 75.24 76.03 76.74 77.36 77.91 78.39 78.78 79.09 79.33 79.49 79.57 79.57 79.49 79.33 79.09 78.78 78.39 77.91 77.36 76.74 76.03 75.24 74.38 73.43 72.41 71.31 70.13 68.87];...
[68.87 70.13 71.31 72.41 73.43 74.38 75.24 76.03 76.74 77.36 77.91 78.39 78.78 79.09 79.33 79.49 79.57 79.57 79.49 79.33 79.09 78.78 78.39 77.91 77.36 76.74 76.03 75.24 74.38 73.43 72.41 71.31 70.13 68.87];...
[68.87 70.13 71.31 72.41 73.43 74.38 75.24 76.03 76.74 77.36 77.91 78.39 78.78 79.09 79.33 79.49 79.57 79.57 79.49 79.33 79.09 78.78 78.39 77.91 77.36 76.74 76.03 75.24 74.38 73.43 72.41 71.31 70.13 68.87];...
[68.87 70.13 71.31 72.41 73.43 74.38 75.24 76.03 76.74 77.36 77.91 78.39 78.78 79.09 79.33 79.49 79.57 79.57 79.49 79.33 79.09 78.78 78.39 77.91 77.36 76.74 76.03 75.24 74.38 73.43 72.41 71.31 70.13 68.87];...
[68.87 70.13 71.31 72.41 73.43 74.38 75.24 76.03 76.74 77.36 77.91 78.39 78.78 79.09 79.33 79.49 79.57 79.57 79.49 79.33 79.09 78.78 78.39 77.91 77.36 76.74 76.03 75.24 74.38 73.43 72.41 71.31 70.13 68.87];...
[68.87 70.13 71.31 72.41 73.43 74.38 75.24 76.03 76.74 77.36 77.91 78.39 78.78 79.09 79.33 79.49 79.57 79.57 79.49 79.33 79.09 78.78 78.39 77.91 77.36 76.74 76.03 75.24 74.38 73.43 72.41 71.31 70.13 68.87];...
[68.87 70.13 71.31 72.41 73.43 74.38 75.24 76.03 76.74 77.36 77.91 78.39 78.78 79.09 79.33 79.49 79.57 79.57 79.49 79.33 79.09 78.78 78.39 77.91 77.36 76.74 76.03 75.24 74.38 73.43 72.41 71.31 70.13 68.87];...
[68.87 70.13 71.31 72.41 73.43 74.38 75.24 76.03 76.74 77.36 77.91 78.39 78.78 79.09 79.33 79.49 79.57 79.57 79.49 79.33 79.09 78.78 78.39 77.91 77.36 76.74 76.03 75.24 74.38 73.43 72.41 71.31 70.13 68.87];...
[68.87 70.13 71.31 72.41 73.43 74.38 75.24 76.03 76.74 77.36 77.91 78.39 78.78 79.09 79.33 79.49 79.57 79.57 79.49 79.33 79.09 78.78 78.39 77.91 77.36 76.74 76.03 75.24 74.38 73.43 72.41 71.31 70.13 68.87];...
[68.87 70.13 71.31 72.41 73.43 74.38 75.24 76.03 76.74 77.36 77.91 78.39 78.78 79.09 79.33 79.49 79.57 79.57 79.49 79.33 79.09 78.78 78.39 77.91 77.36 76.74 76.03 75.24 74.38 73.43 72.41 71.31 70.13 68.87];...
[68.87 70.13 71.31 72.41 73.43 74.38 75.24 76.03 76.74 77.36 77.91 78.39 78.78 79.09 79.33 79.49 79.57 79.57 79.49 79.33 79.09 78.78 78.39 77.91 77.36 76.74 76.03 75.24 74.38 73.43 72.41 71.31 70.13 68.87];...
[68.87 70.13 71.31 72.41 73.43 74.38 75.24 76.03 76.74 77.36 77.91 78.39 78.78 79.09 79.33 79.49 79.57 79.57 79.49 79.33 79.09 78.78 78.39 77.91 77.36 76.74 76.03 75.24 74.38 73.43 72.41 71.31 70.13 68.87];...
[68.87 70.13 71.31 72.41 73.43 74.38 75.24 76.03 76.74 77.36 77.91 78.39 78.78 79.09 79.33 79.49 79.57 79.57 79.49 79.33 79.09 78.78 78.39 77.91 77.36 76.74 76.03 75.24 74.38 73.43 72.41 71.31 70.13 68.87];...
[68.87 70.13 71.31 72.41 73.43 74.38 75.24 76.03 76.74 77.36 77.91 78.39 78.78 79.09 79.33 79.49 79.57 79.57 79.49 79.33 79.09 78.78 78.39 77.91 77.36 76.74 76.03 75.24 74.38 73.43 72.41 71.31 70.13 68.87];...
[68.87 70.13 71.31 72.41 73.43 74.38 75.24 76.03 76.74 77.36 77.91 78.39 78.78 79.09 79.33 79.49 79.57 79.57 79.49 79.33 79.09 78.78 78.39 77.91 77.36 76.74 76.03 75.24 74.38 73.43 72.41 71.31 70.13 68.87];...
[68.87 70.13 71.31 72.41 73.43 74.38 75.24 76.03 76.74 77.36 77.91 78.39 78.78 79.09 79.33 79.49 79.57 79.57 79.49 79.33 79.09 78.78 78.39 77.91 77.36 76.74 76.03 75.24 74.38 73.43 72.41 71.31 70.13 68.87];...
[68.87 70.13 71.31 72.41 73.43 74.38 75.24 76.03 76.74 77.36 77.91 78.39 78.78 79.09 79.33 79.49 79.57 79.57 79.49 79.33 79.09 78.78 78.39 77.91 77.36 76.74 76.03 75.24 74.38 73.43 72.41 71.31 70.13 68.87];...
[68.87 70.13 71.31 72.41 73.43 74.38 75.24 76.03 76.74 77.36 77.91 78.39 78.78 79.09 79.33 79.49 79.57 79.57 79.49 79.33 79.09 78.78 78.39 77.91 77.36 76.74 76.03 75.24 74.38 73.43 72.41 71.31 70.13 68.87];...
[68.87 70.13 71.31 72.41 73.43 74.38 75.24 76.03 76.74 77.36 77.91 78.39 78.78 79.09 79.33 79.49 79.57 79.57 79.49 79.33 79.09 78.78 78.39 77.91 77.36 76.74 76.03 75.24 74.38 73.43 72.41 71.31 70.13 68.87];...
[68.87 70.13 71.31 72.41 73.43 74.38 75.24 76.03 76.74 77.36 77.91 78.39 78.78 79.09 79.33 79.49 79.57 79.57 79.49 79.33 79.09 78.78 78.39 77.91 77.36 76.74 76.03 75.24 74.38 73.43 72.41 71.31 70.13 68.87];...
[68.87 70.13 71.31 72.41 73.43 74.38 75.24 76.03 76.74 77.36 77.91 78.39 78.78 79.09 79.33 79.49 79.57 79.57 79.49 79.33 79.09 78.78 78.39 77.91 77.36 76.74 76.03 75.24 74.38 73.43 72.41 71.31 70.13 68.87];...
[68.87 70.13 71.31 72.41 73.43 74.38 75.24 76.03 76.74 77.36 77.91 78.39 78.78 79.09 79.33 79.49 79.57 79.57 79.49 79.33 79.09 78.78 78.39 77.91 77.36 76.74 76.03 75.24 74.38 73.43 72.41 71.31 70.13 68.87];...
[68.87 70.13 71.31 72.41 73.43 74.38 75.24 76.03 76.74 77.36 77.91 78.39 78.78 79.09 79.33 79.49 79.57 79.57 79.49 79.33 79.09 78.78 78.39 77.91 77.36 76.74 76.03 75.24 74.38 73.43 72.41 71.31 70.13 68.87];...
[68.87 70.13 71.31 72.41 73.43 74.38 75.24 76.03 76.74 77.36 77.91 78.39 78.78 79.09 79.33 79.49 79.57 79.57 79.49 79.33 79.09 78.78 78.39 77.91 77.36 76.74 76.03 75.24 74.38 73.43 72.41 71.31 70.13 68.87];...
[68.87 70.13 71.31 72.41 73.43 74.38 75.24 76.03 76.74 77.36 77.91 78.39 78.78 79.09 79.33 79.49 79.57 79.57 79.49 79.33 79.09 78.78 78.39 77.91 77.36 76.74 76.03 75.24 74.38 73.43 72.41 71.31 70.13 68.87];...
[68.87 70.13 71.31 72.41 73.43 74.38 75.24 76.03 76.74 77.36 77.91 78.39 78.78 79.09 79.33 79.49 79.57 79.57 79.49 79.33 79.09 78.78 78.39 77.91 77.36 76.74 76.03 75.24 74.38 73.43 72.41 71.31 70.13 68.87];...
[68.87 70.13 71.31 72.41 73.43 74.38 75.24 76.03 76.74 77.36 77.91 78.39 78.78 79.09 79.33 79.49 79.57 79.57 79.49 79.33 79.09 78.78 78.39 77.91 77.36 76.74 76.03 75.24 74.38 73.43 72.41 71.31 70.13 68.87];...
[68.87 70.13 71.31 72.41 73.43 74.38 75.24 76.03 76.74 77.36 77.91 78.39 78.78 79.09 79.33 79.49 79.57 79.57 79.49 79.33 79.09 78.78 78.39 77.91 77.36 76.74 76.03 75.24 74.38 73.43 72.41 71.31 70.13 68.87];...
];
%% Battery
%电池OCV曲线
OCV_1X_pct=[0, 100];
OCV_1Y_v=[3.0, 4.2];
%电池内阻，Ω，单体
CellResis=0.003;
%电池单体容量. Ah
CellCap=4.5;
%串联个数
BattNs=100;
%并联个数
BattNp=40;
%初始SOC值，%

